9779769341176
9779764235605
9779747419433
9779766644361
9779769701519
9779766649950
9779766648403
9779764239727
9779764235522
9779763390771
9779765713399
9779763370300
9779766536161
9779763374187
9779762588255
9779743562665
9779763886915
9779745335139
9779743569810
9779769701107
9779766643505
9779765577779
9779766641901
9779768723914
9779744437237
9779766643355
9779762589570
9779768720951
9779768728610
9779763673731
9779744791434
9779766536725
9779769700575
9779764231394
9779765568457
9779762889087
9779768721960
9779743279222
9779765773263
9779769705538
9779763374141
9779769805283
9779762884689
9779763887295
9779744897898
9779769341866
9779762076359
9779765566089
9779744896094
9779744897439
9779762884891
9779769343991
9779762505408
9779766537508
9779743273021
9779766648505
9779744431466
9779765718573
9779762885129
9779765716350
9779766532381
9779763887239
9779768720575
9779762885519
9779740842899
9779762883837
9779747885403
9779769340827
9779762582737
9779762072549
9779769345457
9779744897500
9779762883927
9779769347930
9779745334226
9779765577588
9779768720078
9779762883424
9779768727828
9779764237063
9779765719293
9779765565398
9779747883980
9779740844107
9779766645514
9779744430411
9779762509826
9779744439256
9779762884821
9779745337227
9779766539950
9779744435975
9779744798030
9779745337585
9779763880930
9779762076373
9779768723256
9779743562559
9779743561454
9779744435767
9779765568911
9779743276803
9779769704376
9779747881877
9779765717641
9779769704549
9779765714775
9779747418179
9779747889075
9779765778717
9779762500581
9779768724449
9779765574537
9779763377330
9779766536222
9779743277736
9779766539667
9779769342990
9779769707619
9779762076660
9779763673279
9779763371818
9779764234719
9779745333817
9779744893781
9779769808528
9779766534153
9779762509008
9779769702118
9779744798767
9779769708378
9779743561625
9779765564771
9779743277613
9779763373682
9779763884799
9779747417802
9779763886461
9779769807059
9779744434315
9779769340829
9779765568159
9779743275859
9779762586896
9779763673281
9779768724236
9779766530002
9779747887993
9779763396808
9779769705919
9779763676610
9779763395975
9779762883455
9779745339533
9779769801074
9779766648582
9779762580289
9779743563030
9779763394250
9779743565229
9779769701391
9779765568084
9779744795722
9779769348717
9779766645937
9779765569192
9779743274794
9779764235991
9779768720414
9779744790985
9779763397319
9779747412851
9779765771009
9779740843308
9779762584496
9779765560694
9779769700626
9779768720021
9779769343122
9779769348967
9779765772306
9779740843104
9779768726760
9779765561173
9779744894709
9779744899269
9779769708790
9779744435475
9779769800708
9779744896970
9779769346265
9779762880669
9779745338722
9779762070643
9779766530914
9779744434861
9779762508429
9779769808119
9779763371336
9779769341969
9779763678304
9779763376342
9779769809380
9779768722260
9779762074521
9779740842894
9779747882862
9779763678719
9779743565409
9779743277450
9779765562832
9779766645359
9779763396797
9779744434704
9779762507736
9779769806818
9779745330814
9779747416050
9779766532627
9779763884119
9779744799814
9779762889443
9779744898088
9779763371193
9779747885668
9779765560099
9779744432725
9779765718147
9779769706290
9779769807985
9779765564109
9779765564291
9779744793065
9779744432032
9779764236580
9779763671672
9779769347757
9779747886976
9779765565737
9779762884734
9779765770287
9779769346884
9779763676214
9779769705359
9779769800578
9779768727114
9779744897841
9779747418801
9779744791692
9779766645565
9779762507603
9779743566873
9779743278483
9779764238618
9779766648082
9779764237083
9779747413458
9779762583668
9779766644510
9779744890319
9779765774301
9779744435796
9779763378562
9779762506454
9779762886558
9779763884559
9779763393420
9779763676962
9779768727707
9779744896724
9779744790677
9779769341905
9779769800299
9779744892176
9779769802468
9779744792207
9779747886512
9779769340237
9779747416982
9779762889595
9779763371140
9779747882523
9779765779413
9779763672249
9779765564360
9779743275891
9779744893796
9779745332593
9779747411820
9779766538837
9779762072994
9779766534789
9779764231134
9779745336570
9779765577190
9779762503209
9779769707286
9779743275620
9779763391384
9779763374532
9779743271615
9779743274985
9779763677683
9779744899364
9779762884622
9779747889846
9779762882760
9779763395650
9779743569248
9779769345580
9779766539048
9779765712752
9779763675883
9779762074036
9779762585548
9779740843699
9779765568880
9779763379725
9779763888926
9779769341162
9779763377782
9779747419733
9779769345634
9779763881858
9779744437496
9779744891159
9779762075862
9779769805731
9779766646851
9779769344732
9779768725013
9779764235196
9779763372168
9779763884923
9779768725994
9779765771576
9779762502000
9779768721407
9779764239295
9779743271675
9779764239662
9779765575305
9779766531330
9779744792932
9779744794071
9779763371320
9779762587876
9779740844055
9779764238786
9779762883190
9779747881923
9779743273876
9779766640315
9779762506443
9779764236794
9779762885749
9779743567684
9779765568243
9779763883251
9779769340973
9779765770757
9779762587070
9779747883364
9779766641827
9779763376713
9779769700382
9779769708759
9779747415185
9779747888541
9779765567165
9779765715965
9779765777569
9779743277979
9779743564845
9779766532143
9779765567765
9779762585768
9779745330533
9779744894437
9779765715154
9779765770433
9779763882534
9779762070568
9779763884395
9779769808499
9779765576363
9779740843491
9779765576378
9779744892234
9779745338010
9779762589605
9779763374864
9779763676207
9779769708583
9779766641732
9779744899738
9779763390507
9779764238280
9779743278795
9779765562618
9779769806149
9779762880100
9779743278711
9779769346656
9779745336990
9779747886179
9779765712335
9779765773730
9779762588089
9779765777082
9779747415989
9779762076572
9779762508182
9779765773935
9779766649316
9779768723462
9779765566213
9779765773664
9779763390525
9779763376971
9779765561153
9779769806225
9779765576551
9779763397732
9779763391985
9779763396536
9779769349102
9779765579621
9779763371827
9779765771689
9779744797392
9779763374744
9779769701968
9779762504973
9779744437152
9779768720346
9779762885877
9779745330449
9779747889100
9779762884276
9779763398253
9779762074817
9779762502365
9779744892777
9779763398460
9779745336464
9779762882772
9779766643740
9779769703756
9779766642372
9779744794076
9779740842586
9779763371327
9779769802524
9779763394427
9779765715589
9779763673037
9779766642381
9779762074649
9779765716064
9779762589191
9779744436985
9779762506831
9779762508755
9779744431165
9779766535622
9779747416042
9779763881391
9779744899919
9779762074570
9779747887806
9779766536152
9779766534392
9779763395468
9779747414398
9779762074879
9779765561910
9779766538904
9779745336829
9779763679882
9779764235784
9779745330043
9779747888106
9779762586759
9779765714881
9779768728106
9779763676358
9779745330724
9779763373825
9779763396475
9779762078889
9779763392801
9779762584566
9779762584947
9779764239491
9779762583694
9779747883274
9779765570051
9779765714617
9779764236028
9779762885750
9779744893487
9779747417710
9779747418853
9779747885730
9779762079150
9779762506421
9779763670057
9779762882000
9779745337588
9779765713613
9779765574929
9779747883686
9779744798566
9779745330389
9779745331148
9779743276121
9779763374792
9779765560841
9779764236572
9779763375676
9779744430136
9779769706110
9779769340680
9779763378859
9779768728043
9779740843265
9779747419120
9779747416741
9779769805674
9779744897379
9779762073324
9779765717309
9779766539217
9779763374819
9779747882314
9779762501990
9779765572314
9779744431506
9779763675243
9779743566524
9779763671814
9779740844063
9779745335424
9779744893815
9779763370642
9779765575409
9779744799225
9779745333020
9779764237031
9779762505400
9779743569732
9779765711379
9779765718478
9779744890769
9779765713401
9779743565863
9779763672617
9779762884112
9779743565408
9779747882598
9779762501380
9779769804285
9779763375352
9779763395828
9779744799363
9779740842934
9779766537000
9779763371119
9779769347228
9779765713477
9779765577204
9779743274315
9779763677308
9779765571896
9779762504939
9779747418812
9779762585183
9779763394406
9779765569733
9779766641215
9779769801903
9779765714576
9779765565235
9779765560204
9779743563495
9779762500201
9779769708920
9779763676428
9779747418388
9779769807172
9779744797721
9779765771533
9779765576819
9779763399367
9779744434382
9779762503198
9779762886314
9779763884266
9779740843038
9779764235395
9779745334695
9779762580488
9779762887579
9779744433861
9779763671061
9779747889107
9779762589817
9779743561968
9779747885331
9779763377016
9779747418440
9779769709202
9779762504235
9779747415291
9779762504485
9779744799917
9779763888651
9779741702232
9779743277237
9779762076280
9779762073154
9779766535744
9779762881090
9779764238157
9779762073233
9779762076959
9779744899614
9779743274954
9779763883647
9779763884305
9779743560834
9779762071140
9779745335878
9779766537596
9779762583368
9779747413389
9779768721710
9779769806211
9779765578840
9779762889215
9779763390030
9779765775134
9779744795062
9779763889095
9779744433074
9779744435630
9779768726769
9779744899089
9779765575896
9779744898129
9779762070657
9779769703076
9779766539177
9779769708434
9779745335897
9779764237449
9779765772202
9779762503425
9779745335994
9779766648302
9779764233237
9779763678134
9779744437070
9779763394699
9779747881203
9779762501459
9779745337331
9779744893877
9779747883699
9779769347280
9779762883384
9779765770137
9779765716909
9779768723335
9779763398123
9779745335567
9779765711254
9779769702242
9779764237876
9779743278614
9779765574623
9779747418918
9779762070961
9779769349847
9779765718160
9779763396901
9779744792655
9779769706131
9779745336067
9779744796068
9779766645380
9779763671733
9779740842978
9779763886551
9779765572264
9779766530171
9779744433068
9779762588714
9779765778598
9779765714719
9779768722362
9779743567791
9779765563918
9779744792277
9779763377959
9779744795203
9779769706041
9779765778186
9779769343108
9779740843453
9779763377230
9779762506631
9779743275769
9779765574761
9779764232882
9779762072850
9779769704116
9779765561732
9779744795882
9779762583946
9779762883127
9779766645351
9779763390896
9779762587379
9779764238707
9779766647045
9779744437888
9779766644713
9779743561197
9779743271310
9779747888365
9779766642143
9779762070713
9779763371901
9779762501410
9779743561152
9779744439969
9779740843857
9779768725928
9779762883559
9779743567078
9779745339863
9779769802580
9779744892512
9779744891165
9779769709549
9779744790049
9779743569444
9779769808895
9779766646633
9779768729560
9779769700454
9779744794844
9779766649411
9779744799704
9779769809243
9779762880125
9779763888937
9779766531072
9779764235032
9779745331493
9779769343625
9779765772958
9779744432394
9779764237331
9779763375854
9779744895758
9779762581578
9779765775206
9779765717240
9779763889508
9779768727657
9779766644176
9779747882222
9779763395001
9779762502521
9779744433451
9779744895035
9779747887587
9779763394454
9779763378086
9779762587665
9779765777970
9779765712212
9779765561642
9779768720572
9779763395752
9779769347950
9779762507758
9779766648990
9779744431164
9779763884676
9779769343026
9779765771973
9779769344461
9779762070964
9779744798687
9779762071531
9779766539124
9779747414067
9779744435439
9779762071641
9779765773899
9779763371881
9779766538412
9779763377937
9779765574027
9779743275888
9779765772231
9779769801057
9779743569594
9779765773419
9779745332668
9779763887330
9779769709735
9779744898350
9779766649039
9779762584670
9779762885989
9779744798158
9779744890302
9779743276256
9779743273164
9779769702445
9779744798928
9779740843614
9779766648182
9779769800777
9779763676431
9779744436690
9779765710119
9779766532170
9779763395437
9779765563865
9779765571136
9779744794522
9779763377013
9779762882388
9779744894692
9779765716802
9779744793911
9779743277152
9779762505073
9779762582397
9779765578645
9779769806658
9779763393175
9779744431061
9779765775514
9779765560593
9779763676898
9779764230487
9779744432346
9779762882322
9779762880193
9779762075170
9779763370854
9779763379357
9779762509433
9779763673079
9779744439631
9779747417372
9779765563031
9779744430968
9779744796847
9779765712559
9779769703095
9779769345647
9779747413118
9779766530608
9779768729291
9779769701683
9779744792653
9779763885801
9779747410538
9779747882551
9779762505995
9779765578878
9779763371676
9779768721180
9779763376603
9779763378126
9779762078847
9779763886312
9779765717269
9779747416107
9779765576260
9779741702193
9779744437783
9779743564344
9779764237813
9779766647286
9779762072112
9779768726547
9779765772152
9779764237150
9779766648113
9779763379250
9779769806534
9779765770223
9779743562194
9779763883738
9779768724834
9779765571928
9779762501436
9779747414790
9779763378193
9779763670684
9779747419194
9779763881352
9779764231870
9779762509850
9779744890756
9779747413538
9779744431778
9779765716214
9779744899537
9779747888456
9779762889091
9779745336660
9779765778901
9779762500525
9779763881945
9779762071223
9779769343207
9779745337622
9779765579359
9779768724485
9779763392154
9779744893559
9779744795026
9779769343191
9779769345087
9779744895755
9779747411322
9779762583249
9779762882752
9779766647398
9779769808615
9779766645986
9779745338682
9779765576371
9779744790615
9779763375837
9779764235954
9779766538540
9779743275473
9779743275661
9779766530763
9779763373326
9779766647543
9779762500850
9779762501556
9779745335885
9779744435606
9779763377026
9779768724532
9779763399642
9779744896287
9779769700854
9779769345398
9779765574005
9779744891716
9779743279340
9779763390747
9779762888974
9779768720020
9779744795674
9779762503287
9779744890847
9779747411932
9779762078114
9779765770526
9779769344200
9779744431136
9779763376500
9779766647552
9779769341477
9779762581013
9779747885209
9779765719883
9779766530985
9779762507200
9779763390069
9779744797752
9779763670655
9779762507581
9779764230190
9779747884222
9779745338862
9779744798336
9779762581217
9779763393190
9779765578033
9779763885363
9779763398315
9779764236802
9779764236771
9779762583603
9779765571166
9779743560936
9779747887274
9779744793768
9779765579761
9779743563542
9779769703827
9779744895913
9779766532770
9779744795675
9779744899742
9779763670939
9779763393723
9779762504263
9779764238509
9779744791404
9779765561511
9779745339924
9779765565292
9779763397294
9779762070381
9779747411850
9779743567356
9779765571692
9779769705252
9779764233201
9779763881292
9779764238299
9779763375048
9779765572620
9779745334384
9779762889262
9779762586920
9779765719851
9779762079536
9779769348444
9779762506723
9779766648868
9779766648558
9779769345484
9779766640485
9779743563424
9779768727241
9779765572867
9779763888859
9779744799252
9779740842741
9779743564000
9779765716072
9779744793827
9779763391624
9779744899669
9779768724412
9779762500224
9779769348855
9779743564933
9779765571614
9779762889385
9779744430273
9779747417939
9779769804031
9779747411265
9779764236526
9779769346510
9779768729715
9779744439561
9779765775362
9779744898372
9779765779292
9779766641792
9779765578709
9779744793733
9779763393892
9779765568673
9779745331855
9779769801495
9779769700760
9779764238180
9779763889469
9779768724852
9779762588057
9779763399369
9779762881009
9779763395436
9779765571878
9779744798154
9779744792397
9779745336771
9779745338813
9779769804744
9779763376419
9779747413013
9779763885543
9779769704973
9779765710445
9779766532348
9779769340066
9779766640080
9779764237561
9779765710724
9779766648206
9779762884918
9779747415575
9779745331333
9779765713475
9779762500899
9779765718665
9779743565809
9779747414891
9779763397076
9779743276836
9779745336938
9779764230187
9779766645270
9779762880144
9779762074255
9779744892910
9779747415075
9779764230050
9779769707378
9779765576074
9779762884546
9779763673769
9779763675061
9779744798614
9779765566257
9779765777342
9779745331705
9779762580826
9779764231711
9779765560826
9779740843030
9779769801960
9779766649808
9779764231007
9779744895991
9779762889969
9779765773572
9779762585794
9779745337384
9779747411718
9779763886608
9779765713597
9779744799589
9779743271270
9779762074160
9779769803461
9779745330549
9779762586269
9779765573495
9779763373230
9779743561065
9779762881627
9779747880644
9779762502483
9779768721680
9779743276719
9779744431871
9779763399876
9779744899317
9779765561490
9779744799673
9779745336501
9779745332900
9779762504298
9779765568448
9779740843985
9779763674187
9779765570509
9779740842837
9779744797018
9779762585503
9779745337212
9779768720120
9779763396271
9779769347664
9779744899973
9779768729036
9779768729561
9779762079021
9779763676685
9779766537439
9779763371303
9779762075876
9779744893676
9779762071366
9779769343513
9779763676120
9779747887167
9779768727726
9779768729784
9779762882655
9779766648456
9779766640196
9779741702293
9779762507618
9779744437742
9779766539491
9779744895052
9779747412117
9779765779004
9779769346282
9779766642849
9779769346783
9779740842933
9779762587366
9779747411253
9779747413403
9779762880434
9779762584336
9779762887485
9779762586181
9779769706057
9779769806957
9779740843378
9779743274027
9779766537190
9779766536451
9779765563950
9779768724436
9779762585237
9779740843771
9779765579936
9779766534383
9779769809711
9779762585097
9779744433228
9779762503994
9779762585404
9779766531812
9779765716913
9779763370978
9779765772583
9779766533155
9779744791516
9779765574201
9779769345739
9779763889173
9779744894096
9779747885578
9779744794644
9779763671469
9779762889610
9779763889071
9779763379659
9779763379389
9779766539401
9779762501970
9779765773693
9779765710754
9779765571717
9779765568332
9779766649151
9779745330165
9779747885361
9779744799797
9779743564221
9779747883235
9779765713312
9779747419814
9779763884973
9779768726564
9779765572659
9779763885329
9779743277940
9779769348669
9779763396826
9779763376923
9779743272732
9779765774729
9779769804311
9779747414093
9779747887686
9779765565159
9779766648043
9779769708503
9779763377707
9779763394425
9779744434169
9779764238453
9779763887196
9779744796327
9779763395273
9779766536431
9779745339886
9779765715757
9779764236429
9779745335965
9779747884915
9779762584357
9779764233062
9779766537039
9779768720560
9779765772609
9779762078218
9779762885958
9779763398763
9779768722031
9779762588438
9779766647374
9779763673515
9779765710142
9779763399388
9779765565748
9779765560679
9779763886347
9779763677532
9779740842781
9779744794854
9779747887126
9779763374790
9779762076974
9779765773979
9779763373096
9779766532030
9779769707012
9779743274025
9779744894421
9779765578120
9779744894178
9779766648161
9779763884153
9779765714165
9779745337973
9779743560246
9779763672759
9779764231838
9779764236972
9779762503946
9779744897245
9779765572709
9779747415252
9779762884168
9779744895142
9779765715756
9779762071535
9779747416381
9779765564035
9779744796882
9779763885769
9779765771619
9779745339675
9779769706588
9779765777188
9779763674689
9779765713807
9779744890346
9779766535277
9779763880638
9779768727313
9779762071304
9779745334075
9779762507301
9779765573201
9779747410595
9779769705518
9779769807849
9779744899061
9779745335740
9779744798760
9779762881553
9779747411970
9779743563078
9779769704737
9779762585153
9779764232996
9779763880045
9779769703571
9779763378529
9779762501157
9779765770496
9779762509822
9779747881886
9779762079723
9779769349692
9779769702980
9779764236977
9779762883552
9779763377664
9779765577775
9779762884598
9779765711352
9779743273782
9779766640646
9779747885282
9779747413030
9779763882443
9779744437999
9779744431418
9779744434118
9779766642027
9779769801404
9779766644735
9779765568804
9779763377708
9779762073918
9779743564761
9779766649899
9779765572718
9779763670539
9779764239027
9779766534486
9779763390252
9779763391251
9779765777208
9779765565232
9779744438784
9779766539204
9779763377995
9779743275077
9779769700186
9779763392575
9779762509685
9779762504103
9779763671359
9779765771280
9779763675483
9779744792500
9779762889709
9779743565168
9779745338821
9779763390740
9779744898874
9779762078008
9779763373666
9779768722391
9779762504007
9779744893007
9779762588295
9779747880987
9779766539391
9779743279344
9779766535512
9779743565221
9779765564597
9779763379118
9779768721340
9779744891703
9779763395387
9779769803021
9779744890467
9779766534749
9779769342116
9779744794629
9779745337050
9779762586779
9779765566344
9779747410720
9779744899465
9779744430088
9779747884392
9779763670428
9779769709951
9779768723599
9779762586580
9779764237570
9779765715236
9779763373462
9779744433707
9779769800448
9779744893888
9779763885032
9779745333361
9779762880639
9779763377211
9779763881946
9779744890658
9779745339174
9779763887629
9779763671157
9779766641064
9779769805070
9779743272196
9779747888990
9779762508761
9779769803940
9779766648416
9779768726942
9779764231057
9779763392202
9779763371067
9779765568445
9779768727604
9779744797358
9779764239830
9779763397595
9779769343125
9779769703217
9779744792720
9779764232556
9779762505679
9779769800284
9779743279306
9779763374071
9779762505271
9779764234868
9779763888530
9779763397597
9779764239989
9779763370917
9779765717787
9779744795759
9779762586558
9779763884360
9779744437938
9779744791343
9779747418193
9779744790463
9779747415561
9779745330603
9779765711230
9779765711555
9779765561238
9779747413791
9779745337740
9779765719230
9779765717322
9779765576001
9779765714483
9779743569845
9779769706126
9779763671789
9779769800063
9779766644225
9779762880812
9779744799195
9779743275565
9779769707462
9779762073863
9779769708197
9779769704952
9779762076368
9779763372573
9779744432147
9779763672430
9779765716980
9779765573108
9779766646361
9779764239957
9779745330063
9779763885125
9779762881988
9779762508555
9779766533562
9779762588514
9779744431494
9779764239255
9779743279357
9779744896602
9779744890154
9779744431465
9779762587815
9779765777449
9779747416371
9779747884921
9779762071780
9779769700905
9779744799499
9779763888350
9779763672030
9779743563600
9779766539424
9779766643746
9779769801041
9779762587761
9779762884278
9779765712339
9779763372058
9779766642999
9779765719257
9779743567199
9779743562265
9779769700389
9779763375891
9779764237183
9779763379426
9779765711408
9779747887660
9779764231647
9779747417365
9779744438787
9779766538674
9779747886171
9779762585978
9779743274341
9779769340179
9779743566186
9779764230971
9779763397532
9779763673779
9779765571851
9779766647205
9779764232525
9779762074423
9779743278455
9779769346160
9779763375608
9779765773893
9779763674433
9779744438594
9779763375157
9779764230012
9779747881071
9779763371779
9779764234681
9779762888397
9779744895730
9779765560097
9779741702093
9779744795820
9779769704026
9779763674419
9779769706602
9779745330730
9779744435997
9779744898510
9779769709285
9779762882531
9779743563914
9779765712260
9779765774991
9779765778148
9779766641080
9779747884805
9779766644534
9779743277989
9779765571718
9779768721841
9779766537123
9779762071856
9779747418691
9779763399522
9779743569789
9779763370895
9779744797448
9779765771425
9779763374862
9779763371421
9779765574380
9779762504663
9779747416755
9779763889105
9779744433438
9779764237052
9779763883313
9779763880532
9779768721293
9779762887481
9779744439979
9779762882066
9779765563509
9779745332283
9779763371232
9779747889941
9779762500971
9779763377900
9779762074354
9779747885897
9779763373896
9779747412984
9779747418653
9779765578745
9779769343182
9779743564619
9779765561049
9779747881065
9779744791637
9779765576128
9779762503499
9779743564017
9779769808562
9779762583945
9779744438172
9779764236178
9779743273263
9779743271371
9779762887678
9779763673154
9779762503599
9779766648041
9779765570660
9779766644368
9779763377912
9779766537777
9779768723466
9779769342525
9779765776989
9779765719266
9779765716086
9779765567934
9779744790768
9779768729555
9779766531068
9779763371388
9779747888667
9779762589024
9779747881884
9779763377344
9779743271658
9779743273785
9779766531648
9779768723102
9779766532191
9779765774364
9779765775572
9779764236455
9779765565025
9779743561369
9779769809793
9779744795028
9779744431553
9779747418873
9779766532904
9779764231673
9779745331413
9779763885658
9779765719107
9779762504861
9779769806230
9779762072769
9779762582216
9779763374959
9779763374884
9779762581151
9779743561343
9779769349954
9779765719227
9779744437645
9779768726655
9779769349446
9779747410001
9779765712200
9779764234414
9779747880305
9779769704467
9779744793635
9779763880189
9779762079304
9779745338636
9779762071703
9779763885086
9779744891256
9779762506183
9779764233718
9779762076821
9779747410024
9779762502773
9779765564642
9779743560766
9779765718460
9779765718954
9779762508576
9779744439139
9779765713768
9779769707343
9779766640328
9779768724547
9779762885508
9779747414668
9779769705951
9779747882676
9779744437915
9779769340341
9779762507176
9779765575148
9779765774207
9779765576418
9779763670861
9779765561099
9779769807776
9779765560889
9779747888874
9779744898089
9779768725466
9779762078327
9779769806475
9779769342974
9779762884905
9779762884888
9779765578943
9779744795971
9779769341287
9779762502467
9779765711289
9779762079963
9779743279338
9779766647345
9779762507073
9779763677864
9779766532281
9779763370990
9779769705663
9779769341338
9779766648645
9779744799473
9779769704474
9779768727042
9779765570989
9779747414853
9779769349536
9779766642434
9779765562710
9779762505861
9779747880697
9779769808351
9779765564071
9779747410393
9779764232751
9779766642299
9779744891114
9779769345823
9779769805308
9779744795679
9779762580725
9779744894837
9779762582340
9779762886254
9779744436855
9779762072513
9779765577319
9779769805764
9779769700595
9779740843773
9779765562744
9779744434346
9779763880554
9779766535926
9779763379327
9779743563087
9779744899135
9779765575031
9779765714530
9779747414001
9779765771402
9779762076049
9779769806824
9779763378183
9779768721018
9779744432167
9779744799500
9779769345076
9779763377483
9779765715764
9779766646061
9779745337786
9779743278433
9779763677003
9779768727690
9779763399820
9779762585747
9779762079569
9779769807178
9779763883284
9779762584885
9779744899686
9779762073526
9779762585170
9779764234246
9779765570717
9779763372577
9779763379769
9779747886128
9779769341667
9779763678769
9779762075667
9779762071221
9779769702080
9779747884834
9779762882543
9779763887948
9779769701908
9779747889338
9779763889799
9779744793408
9779747411260
9779744793488
9779765710695
9779766535308
9779764231768
9779765716135
9779747411726
9779747416783
9779763888298
9779765575723
9779745334298
9779763880884
9779744795214
9779762588493
9779762588734
9779743561527
9779762582032
9779744433431
9779765716423
9779762078464
9779765710201
9779769341877
9779764232886
9779763392948
9779747415698
9779765718597
9779765576659
9779764234635
9779762508793
9779743273485
9779763888399
9779766539501
9779763397217
9779762074776
9779769701186
9779744437352
9779747410941
9779765777700
9779747882565
9779747415313
9779765574758
9779765573797
9779744896214
9779743563426
9779744792038
9779744897921
9779763397009
9779763390158
9779744792033
9779765777443
9779762077896
9779766645290
9779765716865
9779747419578
9779763671582
9779762583191
9779765719641
9779763886074
9779745333355
9779769804044
9779763882927
9779768728966
9779762501389
9779765715525
9779762584042
9779762509604
9779747881316
9779744432265
9779765716983
9779766641646
9779765568723
9779764233633
9779764233228
9779763391172
9779765564518
9779762078241
9779765718622
9779765569260
9779763376055
9779765718254
9779744892568
9779743272142
9779768728358
9779744890428
9779765770660
9779762079210
9779766643997
9779763881627
9779745331104
9779764236316
9779763392352
9779745331723
9779762586244
9779769342598
9779765774502
9779763391165
9779765772175
9779763373962
9779744897119
9779762589016
9779762883625
9779769808892
9779766531410
9779764238761
9779740842558
9779740842578
9779740842451
9779740842651
9779741702149
9779741702137
9779740842507
9779740842404
9779741702257
9779740842400
9779741702251
9779740842392
9779741702126
9779741702188
