258877870605
258861950275
258878163458
258861952590
258865551802
25886574444
258863534392
258879372529
25886386713
258862079707
25887513933
258871248216
258866116563
258862911661
258860405328
258869082519
258870181921
258879446894
258861725465
258862633489
258879260231
258862256385
258879014292
258875138100
258879010392
258877872986
258862557343
258860128141
258865042623
258879010027
25887318973
258878845739
258868548339
258874783437
258865976763
258860886351
258879013485
258860127715
258871933174
258877873731
258877874290
258878305228
258878430205
258878435346
258870331988
258879060609
258860955099
258870764060
25886667817
258873266014
258860128656
258872346211
25886606021
258879013265
258873336489
258871612512
258876859804
258872915624
258874673756
258878438181
258879827064
258860844572
258872426648
258863956203
258873213908
258869081055
258872349348
258870091643
258869005058
258864854346
258861259401
258863157674
258872916677
258873463892
258879470083
25886437374
258861954237
258877553867
258861957444
258862553439
258867487876
258863158352
258879958400
258877875531
258872341781
258869911167
258878438804
258864761432
258869083441
258876560422
258872913324
258879235339
258873327476
258868208610
258861982022
258878197770
258879775367
258867255979
258872346469
258861959473
258876436990
258875494441
258860123996
258872934988
258872347514
258871588198
258877165642
258873007662
258870704703
258877873431
258879016043
258878439051
258862794687
258861291127
258870416629
258876576041
25886690677
258878431059
258862250543
258877875806
258874929124
258862073760
258862554010
258861615716
258862556459
258873693695
258878522596
258872918635
258861955434
258861953575
258870907318
258872341917
258863159018
258862361002
258861241658
258866195531
258877388193
258873060164
258871848717
258878432101
258866641510
258872915035
258861307022
258879017924
258876572794
258878439335
258867162019
258862552011
25887268468
258865786880
258863679396
25886486637
258864286841
25887935127
258861794837
258876023378
258860121654
258862820919
258876239936
258869082590
258878892046
258877788765
258869087649
258873490208
258869080731
258871626516
258879019592
258863555411
258871847840
258863150957
258868073436
258863151754
258875080075
258878439713
258872612919
25887117080
258869088215
258861870180
258871897919
258865972845
258861743973
258871175529
258860677395
258863152080
258868055682
258870599732
258861950665
25887413031
258879012515
258878165761
258861952594
258878439619
258869863407
258877326473
258878843987
258861800882
258871626100
258872162041
258870588044
258873262772
258869084819
258872025698
25887503067
258872428348
258878433771
258872915300
258860122710
258872346629
258872299906
258866793972
258872911343
258867285901
258869082621
258861956427
258869083914
258877915253
258877874704
258872297569
258868547916
258873784595
258865975359
258879012156
258877166722
258865977520
258862199462
258876794490
258877803216
258864169342
258865974246
258871549147
258865971938
258868366041
258872347950
258868136992
258865814520
258864049762
258877878259
258868547550
258865976059
258877878742
258865259063
258871849043
258860583966
258879016979
258866058937
258870996393
258866688308
258862458221
258878433166
258862710470
258877961406
258869451105
258878438383
258862250735
25887425514
258861922390
258873586412
258869188210
258860121027
258878431131
258878433141
258877334294
258869086629
258877561723
258870091371
258861852421
258872240212
258865972479
258868547096
258860124726
258864242008
258878198759
258864689566
25886382905
258879707666
258878848965
258863156436
258877872624
258878435493
258877872587
258872344820
258877290738
25887574748
258872155883
258872912877
258871845928
258863157767
258865973363
258862938541
258867271933
258877875835
258876753650
258862553002
258872347815
258876293382
258864999751
258861952271
258867007491
258869081846
258879018451
258865656362
258872348420
258872291854
25887734285
258865973878
258863156581
258860121268
258878227564
258872914923
258873492051
258865158385
258877713360
258868545730
258877874042
258866419229
258878433481
258877492670
258863150792
258878431270
258873571025
258871841083
258870881055
258869083921
258869085532
258872914162
258860125204
258871764589
258863350074
258876311043
258865255259
258861962402
258878430575
258879012408
258872911811
258860122351
258870480172
258872723948
25886039361
258877871931
258872342542
258865971655
258872910411
258875226636
258864712460
258866887818
258876714926
258865797823
258877873654
258876556686
258861952762
258866259802
258869168875
258868572713
258865977113
258860846690
258871341180
258864338964
258879012042
258862415878
258863882381
258866055706
258877876032
258868542148
25886973164
258873276105
258861454495
258878374766
258873206763
258862555630
258873551339
258877873047
25887904921
258872918582
258879012280
258879018597
25887654870
258864854255
258873374383
258866149115
258872343493
258878553006
258874116953
258872919716
258862445475
258865976550
258869088322
258866490602
258862557349
258873418508
258869083534
258868541010
258878840933
258860281631
258872347881
258862263239
258872912659
258878920074
258872531107
258865278709
258865977041
258875003303
258877875156
258869392515
258872341540
258879011563
258872340183
258865971338
258862562177
258862557582
258872423117
258861250528
258872344212
258868543323
258863158545
258874619443
258860126198
258865978343
25887078064
258863155789
258861950564
258870851344
258872912944
258863156909
258866057192
258879152737
258866152356
258878437695
258869099761
258868738836
258879012425
25887567021
258871965461
258879786539
258862558322
25887056008
258864596432
258862559953
258862550506
258870751262
258874539243
258868549210
258872918779
258878439028
258861950650
258879012702
258871557837
258868647562
258860127972
258860224941
258879484453
258869086961
258862558893
258863159335
258872139960
258870642076
258860128493
258865979161
258872349615
258860125337
258872911306
258866346771
258868546118
258865820209
258879781029
258872345825
25886739484
258875199479
258860129030
258868548069
258868150979
258872344405
258878844603
258866115512
258868541912
258871589296
258868540269
258876449468
258860556319
258861954429
258865970975
25887686362
258868365792
258872090999
258864368681
258861955523
258872986132
258867931556
258869086604
258866661809
258874458955
258868548887
258877875809
258878430167
258861957446
258866071820
258879010260
258869347676
258878434475
258879012631
258868124370
258872344673
258877865742
258862551292
258862550774
258871987509
258865976991
258864124355
258865970825
258872917525
258878280699
258878846543
258870479980
258869086275
258862557924
258871185545
258879713425
258871610575
25887007557
258873954056
25886481494
258867021111
258872910863
258863152280
258865344964
25886142507
258870579082
258863157159
258860897783
258868362434
258872914283
258872156862
258874574693
258877870833
258864115738
258864997870
258868670523
258867817110
258861765383
258867028280
258872340086
258870415554
258874640943
258878840932
258863462526
258878435181
258861958487
258879842969
258877698809
258872343311
258875204422
258862154655
25887429468
258865476673
258862551049
258865975211
258862551890
258866222770
25887971160
258860832041
258861956329
258861953589
258864118100
258879011990
258860199769
258872429169
258875214225
258862555484
258863151256
258861817288
258862891775
258862553735
258872914203
258866110718
258869956104
258865976044
258878431494
258867424181
258868281303
258860849499
258863798621
258869087087
258870325637
258862856334
258861957239
258878849456
258877166234
258864679622
258872467010
25887429854
258872917073
258878369706
258872345065
258872670882
258877870244
258878066014
258870301963
258872916275
258863157080
258866579676
258865534681
258869081165
258875885534
258864064054
258872296769
258861954572
258870646375
258878846629
258860817224
258870728071
258863156744
258869457501
258878842814
258860123286
258863151971
258878430344
258863155113
258861955386
258873992110
258863157266
258873196262
258868546048
258862551491
258860124720
258872910558
258878843398
258870774041
258864869575
258879015030
258869448168
25886021182
258869055468
258878163991
258863151465
258879820413
258879789380
258863367374
258870318181
258865970787
258865975100
258872919198
258870237251
258868543259
258862068636
258870076152
258862019591
258873519951
258879019149
258861953319
258869083668
258872347894
258876772298
258864931885
258877871325
258869088992
258863373651
258878151605
258861171444
258868545808
258868540482
258872343214
258877148633
258872848515
258869532856
258879849871
258862559218
258861955113
258877034603
258865991253
258872341163
258878140781
258865976277
258868542240
258876380327
258862558122
258875825104
258866890989
258864633319
258862444599
25886085130
258868768320
258877811680
258869028881
258877873746
258864224420
258864387234
258861227790
258877829270
258863157932
25886677919
258861116175
25886974963
258879574005
258863640238
258878131169
258867163486
258878579021
258868941716
258868543902
258873364527
258878353475
258866334695
258871313472
258861692844
25887925206
258870953054
258864295090
258878081490
258863863261
258863356193
258860121771
258862772993
258871427782
25886551825
258878840240
258878844373
258864348426
258875296065
258879012242
258863154358
258877879218
258868545579
258861959443
25886232314
258863489517
258865973969
258861952257
258879822393
258877874754
258861746084
258862556221
258873644701
258872251437
258878438638
258870874355
258879010314
25887257397
258878088612
258869082806
258872918833
258878842721
258869568154
258873964737
258860123657
258878847080
258869088570
258872543576
258875600996
258868546265
25887949173
258879012812
258879014379
258862019612
258860189722
258869087927
258863674408
258860337619
258870778076
258879019904
258860203745
25887887195
258868193535
258870392467
258860126245
258872866256
258870326530
258868541334
258872913990
258879016694
25886682686
258871294502
258860846630
258861888515
258868547902
258867293469
258873489297
258860123685
258878421347
258867365114
258860129482
258879411615
258861778159
258863813392
258861951231
258874612095
258861951019
258878841360
258869822097
258879447247
258865684715
258878845195
258873364403
258867130142
258861953557
258868152576
258869938513
258870882922
258869085423
258872919306
25887765188
258879017585
258873338167
258861955766
25887999316
258872919076
258878468010
258869080481
258861957819
258865975776
258878431134
25886500555
258860249433
258863282635
258872135917
258860127340
258866129348
258863445510
258860120577
258876509985
258863278794
258868863174
258861952561
258876160712
258860776435
258875309125
258877058150
258861953278
258865330656
258864297155
258862557179
25887559383
258878434165
258867468115
258873512055
258867797835
25886807820
258867369692
258868680861
258870888486
258868544197
258877551305
258879013447
258868793917
258879192714
258868868387
258860798164
258877878536
258875345041
258869552903
258866352511
258860231612
258861046624
258866355645
258866229981
258877063313
258870366319
258866679100
258860941994
258878166150
258861957337
258872429707
258862553173
258861467487
258870408308
258861956069
258873758692
258871495218
258872911697
258861954179
25886632456
25887016435
258866020000
258860121297
258867124728
258865976331
258875656569
258877819002
258863155899
258877477577
258865972100
258879651355
258860125219
258861959341
258860124115
258866059381
258877876313
258877221599
258862556210
258872343666
258877874203
258866695069
258863158801
258860120064
258871842317
258879963120
258865304451
258864850463
258877642171
258862556706
258872370453
258875579822
258872343455
258868544733
25886022392
258866969673
258864602905
258866537554
25886413954
258869796876
258869081372
258873367760
25887574276
258860125934
258861472153
258867840193
258870890467
258869351920
258860656094
258860125247
258878439894
258860128511
258875791239
258863713745
258878844990
258863151823
258877878728
258875096204
258877878366
258865514652
258864900613
258877873872
258878431064
258879015137
258874272522
258878433404
258879010043
258878028622
258872910873
258874124506
258862680648
258867033785
25887485170
258863020300
258876512606
258860841602
258877096897
258861952655
258865974486
258876982054
258862253507
258872918883
258871996695
258864295571
258863522074
258869846805
258878924281
258864671546
258872860496
258861952955
258867160565
258868548502
258872340137
258879396758
258863414268
258872346579
258863154212
25887935748
25886624900
258870667758
258867449050
258872345135
258878840621
258878413221
258872946979
258868546331
258872349679
258878433743
258877553944
258865936054
258873594748
258879017743
258861955652
258879103153
258862558016
258874341307
258863150196
258865453847
258860122324
258861951561
258874129915
258868543033
258868570735
258872349869
258862552523
258878439789
258865971069
258867792936
258879781735
258860126282
258879011148
258865342225
258872341943
258872349753
258868283195
258866730292
258872910345
258874542997
258868537449
258876923283
25887089009
258879883334
258861938203
258867764764
258869232145
258870483464
258877872026
258868365491
258872084114
258860943118
258862555117
258865937959
258868542832
258875170702
258878434692
258860128641
258860613276
258874867302
258868543865
258873069862
258877872864
258875051410
258865974125
258877142383
258870888650
258862550414
258873598465
258860124826
258872915998
258865974130
258873579967
258862555965
258879808035
258879969298
258863150169
258878433081
258872421045
258862558427
258869777649
258869081669
258879092569
258862556487
258878570026
258869597432
258872916843
258870025469
258865974401
258862250362
258865291215
258878033803
258877873317
258864942198
258871192344
258872642150
258865974135
258877875816
258868541582
258873590065
258861957072
258877356384
258879016332
258874198463
25886544373
258871783687
258874125637
258863150548
258862633782
258861953445
258879012701
258871656837
25887516692
258875599562
258866625679
258878914443
258869080054
258872341390
258877870933
258877872936
258878438284
258872127804
258860129888
258872695273
258870880653
258864053620
258862550748
258871921201
258861771440
258861722478
258867734352
258869082135
258871194031
258863155042
258878430399
258878848191
258877874643
258869089801
258862878803
258861956127
258878842723
258868364435
258864070533
258873597038
258876768956
258867602894
258879372715
258878430732
258879823371
258862556160
258875595252
258863405535
258868003749
258876911389
258879016338
258873034883
258878675201
258867844762
258872346991
258863153894
258865972541
258879938949
258876522483
258877870592
258877533016
258875858322
258868056041
25887872420
258879691674
258870684987
258874452389
258861954927
258863150865
258865978392
258863036052
258864874495
258872341915
258868143748
258869087519
258872345975
258862011769
258866204597
258878841580
25886522497
258861957736
258863456088
258877923015
258860736574
258872918093
258877159578
258877157836
258879012770
25887395807
258878632832
258861952825
258863718699
258874124934
258862557516
25887318930
258861953390
258861957051
258875234205
258872917873
258879018464
258877874717
258861955025
258867891377
25886952361
258866383649
258872345691
258878012386
258865699108
258862643890
258879156093
258876853467
258860122085
258862012193
258878256307
258860124801
258878849206
258862940974
258867974697
258869699671
258872918461
258875997833
25886699294
258861063073
25886738125
258868549232
258862091204
258878849051
258869083754
258869088528
258866090356
258872345660
25887251233
258865449167
258879012194
258860124226
258862427488
258862552793
258862556830
258873424830
258872344913
258867334035
258869872597
258872349846
25886761112
258863524588
258878095458
258861957026
258862552066
258879014124
258872788195
258878846525
258872918564
258878606886
258870583663
258865123797
258878899764
258867369994
258875918351
25887121117
258864726537
258874838650
258873226878
25886790546
258879010095
258877872192
258879123147
258862553212
258863953571
258872912798
258868546287
258862388574
258872913620
258870588872
258877872257
258868729226
258871669867
258879146830
258865236956
258878438534
258864851047
258862347541
258879679525
258878843188
258872369530
258872910337
258879019169
258864519579
258865963094
258861464670
258875279460
258863025777
258878162323
258872344110
258869081212
258879017747
258861354637
258860861037
258872603688
258879011233
258860671509
258869702280
258871849604
258878354907
258878434284
258869083240
258879014222
258870207346
258869081498
258870358121
258860513446
258860455379
258871033320
25887722198
258860125721
258868709487
258879500598
258863234796
258869084311
258875793538
258876446014
258879019977
258864404198
258862042176
258860847087
25887809579
258872915944
258865011741
258868540969
258872347495
258877242951
258879018244
258869081765
258863276520
258862558087
258878434584
258877871146
258866056521
258864446821
258868542227
258878437390
258877877752
258868547729
258868549585
258879100104
25887463502
258873362966
258862555400
258872343294
258860126055
258866142415
258862710040
258865975268
258872343308
25887535123
258872343794
258877780519
258874847158
258872917728
258876159661
258870831653
258870745654
258865337848
258862554488
258875680884
258872810592
258861105087
258875668134
258871691995
25887645042
258860190782
258866979159
258877349208
258860129878
258860912258
258862054886
258878815228
25887091374
258866814446
258877129216
258865321697
258863150350
258879899225
258861954884
258878447191
258869012966
258878264651
258869535420
258877066736
25887735229
258878847033
258873339439
258874123731
258878438456
258872955936
258871431475
258868108596
258865970141
258878431939
258879013175
258865598233
258860299679
258862747708
258860049518
258872812747
258871775877
258879017931
258866777923
258863086882
258874522579
25887966859
258875165943
258864242775
258878046039
25886640908
258878430161
258872917636
258872423305
258877875050
258865973892
258872911607
258872919326
258872452298
258878840469
258868543133
258863594246
258863080874
258861956326
258874784563
258878786466
258875569539
258878431015
258860512742
258865972878
258877407879
258871873206
258870142407
258868928995
258861951989
258877876183
258860127924
258879014839
258865972547
258878435190
258879013034
25886751481
258870387186
258865973493
258860126483
258874382545
258872917785
258870422255
258867761463
258878431840
258873510331
258868541135
258878844816
258860128048
258867056139
258871965498
258866465486
258868846471
258872340645
258877876827
258878439008
258872915860
258873330547
258860121636
25887945330
258879019018
258869087722
258868524282
258862475820
258863603716
258872916825
258872916230
258869087954
258872497745
258863153913
258869087351
258863153982
258878844008
258860294628
258862358472
258866764635
258861952437
258878868961
25886200654
258878478307
258878233783
258872914285
258860041098
258878847894
258870694671
258864077935
258877871962
258860468889
258872175751
258871324510
258865974227
258878842904
258865978458
258869085352
258866126638
258877259501
258865930156
258871214810
258873893935
258861954259
258874458083
258878841135
258869087834
258865979420
258878430490
258873061823
258869084988
258860129018
258870663434
258869644651
258873110970
258879178593
258870088299
258861958132
258873671444
258874854767
258872918495
258860125704
258860122654
258865252198
258864853460
258877874294
258868541645
258879889923
258871563758
258877064029
258861951697
258869087688
258867582641
258861590499
258877873602
258877879307
258877921932
258878845680
258877871669
25887022801
258866348954
258867346603
258879097498
258872348699
258868933546
25886767432
258871389447
258865971056
258878438892
258866026218
258879510627
258870121479
258878881712
258870885501
258865673750
25887503573
258868024576
258865973846
258872341406
258877034045
258861958576
258878844706
258874310155
258862253578
258875110458
258863114427
258868805091
258869086475
25887878693
258865319121
258875023533
258879012019
258873479331
25887321194
258878842479
258860125741
258876744170
258865973582
258879014763
258878439331
258876253840
258870950224
25887038866
258876127123
258877879020
258877879862
25887792513
258860124432
258860908234
258860129264
258874451124
258879578740
258867130506
258877559749
258863763721
258876160094
258872913584
258872646818
258868541551
258867843730
258862550809
258876337692
258863110048
258879018223
258869216095
258874002331
258872749068
258862552775
258862558721
258865708137
258872428268
258878438875
258876716762
258864485405
258872914592
258868540428
258875902836
258865103890
258866351636
258872270125
258861955784
258874626245
25886462927
258861928022
258868661355
258872373374
258869085393
258872347957
258874532060
258876623977
258873021984
258869089832
258872511135
258872919747
258868193840
258863085193
258863157624
258873155172
258868159304
258862254302
258865978941
258860663333
258868546503
25886094359
258879388663
258861951836
258861562214
258868812600
258878375003
258877872895
258878849518
258879018138
258872347452
258860125000
258878919041
258868548051
258863152853
258878843298
258869903414
258872342718
258865582177
258876636178
258871044941
258871521735
258860177225
258878860614
258877872994
258879520486
258860846966
258863155619
258872917920
258872913702
25886529120
258869444736
258875636305
258879322270
258872345786
258876836454
258865970704
258877548072
258873627952
258869082211
258867621636
258862551181
258862556099
258860846305
258860429619
258873738569
258862258964
258870161019
258864349466
258871960727
258877780268
258862923464
258877471979
25886295377
25886371141
258871043596
258871279542
258860248723
258877630461
258871837002
258867337304
258864717914
258862984179
258872916430
25886570062
258861952987
25886388239
258872741349
258879140086
258862140233
258879011094
258868454800
258873896651
258879383110
258872918283
258862069419
258864628258
258863155887
258869542050
258877872976
258878842647
258860120094
258876475745
258869080282
258877872468
258873089673
258869088918
258871996510
258872446010
258863154350
258878433357
258871701700
258869085138
258878849458
258877872944
258875972987
258860054094
258868545500
258861534863
258865976961
258868549244
258875823218
258879017161
258866055770
258869084109
258869088365
258872916142
258879019473
258861720440
258865977569
258877807499
258878432113
258868830044
258876181433
258863150034
258877870507
258877553521
258872238789
258879014943
258861959906
258868666757
25886844914
258871814989
258872344557
258871220659
25887012352
258878433100
258878163536
258878845094
258878437855
258874833579
258864111261
258878842206
258860922504
258879563406
258868162724
258878371483
258860121028
258865113534
258872345826
258863157712
258876682757
258878849498
258868546499
258872295901
258878437376
258873365252
258863151161
258865997201
258879019288
258879060926
25887642385
258868548679
258872145599
258861315770
258864857745
258877870195
258877128600
258869086166
258871845327
258872347064
258879829944
258861955563
258868208748
258861063386
258865972559
258878166570
258866874175
258869087620
258879019524
258872917330
258878421922
258861957057
258875128729
258868546915
258862330202
258861957445
258872913838
258870614251
258879474001
258876256298
258872919341
258872342666
258861955778
258873280073
258861992821
258869085486
25886126565
258879011292
25886077005
258862332565
258869233234
258873500394
258877784605
258860123406
258872341082
25887424363
258873337528
258863155375
258865853689
258872913102
258879567890
258875582077
258860126770
258874200534
258877872961
258863353869
258879171659
258879829991
25887045565
258862555804
258872919700
258864853141
258875153505
258861466461
258877507099
258861959663
258865635761
258865979647
258868541368
258865971634
258866219447
258868394824
258869085360
258861951123
258860121772
258872910855
258863155328
258865974057
258873524054
258872914138
258868474135
258869085487
258872345513
258869096150
258873059454
258863497016
258862550855
258865541866
258865825966
258872919680
258865025362
258867044932
258863150184
258865838955
258872919649
258867888400
258861956033
258861958260
258868641953
258864447151
258879016785
258876701950
258878285711
258871455033
25887373632
258866810447
258878533756
258863150750
258872349239
258860820678
258878430457
258876437256
258860128907
258860532309
258877559694
258869081373
258871024963
258867762797
258865797424
258864117605
258878432444
258863156763
258878330213
258868456634
258878430089
258864301195
258866000876
258865970457
258869086779
258866340861
258861871658
258869089663
258862555789
258879409002
258872344048
258865915442
258878104682
258873331129
258863156392
258862559490
258877878698
258877447350
258874063667
258877877713
258873994218
25886856887
258877020125
258878842713
258878842379
258864858708
258865978175
258868042373
258869087003
258879016057
25887465882
258862552587
258861993643
258878841612
258875607815
25886382739
258862555689
258861952119
258862554523
258868585828
25886462869
258868784419
258878431942
258869085084
258868661491
258862331759
258865845547
258860585761
258871292135
258860840888
258867797225
258877382064
258875556536
258875119114
258868187266
258869080578
258860756838
258878432828
258861442185
258867552701
258862553779
258862551589
258863155289
258874763040
258877879442
258870145221
258878842540
25887764812
258872349890
258868719148
258877876254
25886526380
258870252439
258878439651
258862032292
25887948253
258868993703
258878265145
258879644414
258869622042
258874812534
258870753058
258865979329
258872911336
258869086243
258870972390
258861959655
258866542914
258860128345
258870951458
258865979876
25887293025
258872343457
258869087277
258878448612
258872341058
258878369942
258867738541
258863839965
258861141329
25887071048
258865974838
258874821356
25887436465
258878622460
258862557139
258862551397
258872349150
258871958523
